0.16666666666666666, 0, 1, 1, 0, -1, ucellsize, sepics, 1
0.3888888888888889, 0, 1, 0.6111111111111112, 1, -1, ucellsize, clump, 2
0.16666666666666666, 0, 0.3888888888888889, 1, 1, -2, ucellsize, clump, 3
0, 0, 0.8333333333333334, 0.8333333333333334, 2, 1, bnuclei, bnuclei
0, 0.8333333333333334, 1, 1, 2, 1, bnuclei, bnuclei
0.8333333333333334, 0, 1, 0.8333333333333334, 2, 1, bnuclei, bnuclei
0, 0, 0.2777777777777778, 0.2777777777777778, 3, 0, bnuclei, bnuclei
0, 0.2777777777777778, 1, 1, 3, 1, bnuclei, bnuclei
0.2777777777777778, 0, 1, 0.2777777777777778, 3, 1, bnuclei, bnuclei
0.3888888888888889, 0.6111111111111112, 1, 1, 1, 1, ucellsize, clump
0, 0, 0.16666666666666666, 0.16666666666666666, 0, 0, ucellsize, sepics
0, 0.16666666666666666, 0.16666666666666666, 1, 0, 0, ucellsize, sepics
